0.016703
0.005712
0.004774
-0.055571
0.053520
0.049295
-0.027842
-0.002200
0.018590
-0.247642
0.010437
0.221604
-0.010760
-0.117219
-0.000100
0.148259
0.044866
-0.001049
-0.012921
0.023542
-0.001131
0.031831
0.022242
-0.002645
-0.029125
-0.004653
-0.015421
0.039405
0.003548
-0.023843
-0.026376
0.004203
-0.048740
-0.021007
0.004915
-0.015233
0.011364
-0.004150
0.004422
0.005129
0.003723
0.005546
-0.003161
0.032857
-0.006067
0.033668
-0.016055
0.059327
-0.013086
0.009819
-0.026310
0.021901
0.011838
0.021862
-0.001775
-0.009520
-0.017940
-0.004001
-0.008573
-0.015425
0.000185
-0.015094
0.024984
-0.041650
0.004367
0.003664
-0.020607
-0.005364
0.015924
0.026077
-0.001744
-0.018158
0.018559
-0.021255
0.039439
0.003126
-0.020072
-0.011896
-0.011060
-0.007970
0.003320
-0.003087
-0.015554
0.012259
-0.031148
-0.028086
-0.025504
0.010718
0.002146
0.005881
-0.032377
0.014023
-0.032609
-0.019562
0.035674
0.002221
0.116224
0.032556
0.001104
0.005484
0.016473
-0.000215
0.000417
0.007243
0.007406
0.007088
-0.027172
0.006622
0.008075
0.026301
-0.009927
-0.001294
-0.005945
-0.020739
0.037802
-0.019197
0.011866
-0.026094
-0.002692
0.011740
0.036995
-0.000334
-0.013363
-0.003384
0.026138
-0.000509
-0.003822
0.015377
-0.008891
-0.003018
0.003058
-0.001913
-0.001334
-0.000991
-0.009280
-0.001314
-0.005707
-0.003073
-0.000002
0.003025
0.010241
-0.001751
-0.001517
0.009511
-0.002398
0.049526
-0.000360
-0.027068
-0.004182
-0.004381
0.008765
0.010056
-0.000368
0.035345
-0.000830
-0.003069
-0.002059
-0.000388
-0.002424
-0.003396
-0.015304
-0.003462
0.017626
-0.005670
-0.015934
0.002828
-0.029078
-0.008109
-0.005018
0.023947
-0.033970
-0.019057
-0.003886
0.007199
-0.021765
-0.026632
-0.009836
-0.009449
-0.001570
0.029549
-0.007292
-0.001537
-0.004952
-0.000386
0.021681
-0.013690
-0.002900
0.007672
-0.002662
0.008372
-0.004151
-0.013091
-0.012663
0.003181
0.013730
-0.018072
0.000047
0.016385
0.004131
-0.011687
0.000732
-0.038442
-0.021849
-0.001532
-0.000573
0.001264
-0.000427
-0.001623
0.029604
-0.000391
-0.001777
-0.003289
-0.000297
-0.012484
0.001097
-0.044132
0.016028
0.007904
0.011154
-0.026234
0.016729
-0.007973
-0.002128
0.000464
-0.004389
-0.004028
0.002216
-0.033804
-0.001596
-0.006652
0.006158
-0.003504
-0.007775
-0.005036
-0.003116
0.001671
-0.018745
0.005804
-0.024632
0.001007
-0.008427
-0.024572
-0.005340
-0.020758
-0.000012
0.019660
-0.009120
-0.004253
-0.015486
-0.001737
-0.000619
-0.000275
0.030147
-0.000078
-0.008372
0.004031
-0.022975
-0.016105
-0.001574
0.020864
-0.004848
-0.004154
-0.001792
-0.005987
-0.001580
-0.004521
0.001422
0.002479
0.004440
0.003434
-0.023262
-0.006007
0.001370
0.007529
-0.017748
-0.000425
-0.006696
-0.000075
-0.000024
-0.004462
0.004320
0.007382
0.007039
0.003464
-0.004478
-0.000609
-0.001378
-0.029880
0.002130
-0.001953
-0.024602
0.000607
-0.004985
0.009310
-0.003489
0.002313
-0.017515
0.000033
0.002300
-0.001483
0.025897
-0.002517
0.000286
-0.019651
-0.021443
-0.000406
-0.013577
0.005981
-0.000325
0.000700
-0.008818
-0.003010
-0.009378
-0.000621
-0.011747
-0.004556
0.000154
-0.026250
-0.006845
0.000657
-0.002035
-0.004851
0.000309
0.009621
-0.001734
-0.008543
-0.000348
-0.001563
0.006313
-0.004054
-0.012756
-0.001720
-0.000088
-0.000642
0.035273
0.009609
-0.000391
0.001955
0.002534
-0.005289
-0.002492
-0.012137
-0.014499
-0.027755
-0.000651
-0.002041
-0.002214
0.008965
0.005453
-0.026692
-0.001468
0.006557
-0.023801
0.023748
0.093954
-0.001477
-0.004813
0.001802
0.000200
-0.003916
0.000203
-0.002513
0.043043
-0.013260
-0.003924
0.017840
0.012736
-0.000521
-0.013452
0.000529
0.000627
-0.002636
-0.004048
-0.016064
0.004311
-0.008341
-0.002302
0.006448
0.004665
0.001241
-0.003494
-0.002343
-0.005539
-0.002472
0.020799
0.002250
0.001899
-0.000250
0.008198
-0.006976
0.011110
-0.013822
-0.001320
-0.004167
-0.026496
-0.002194
-0.010248
-0.000938
-0.008339
-0.000408
-0.004516
-0.000398
-0.006892
-0.005544
-0.024119
-0.001544
-0.000461
-0.003245
-0.015727
-0.026200
-0.013001
-0.007917
0.005774
0.007919
0.016080
0.007616
0.001432
-0.007673
-0.014732
-0.000398
0.001457
-0.006650
0.001348
-0.001947
-0.000590
-0.045601
0.028057
-0.002254
-0.002327
0.013246
-0.005021
0.006315
0.000676
0.001639
-0.002271
-0.001477
-0.005593
0.000113
-0.006350
0.013437
-0.007846
0.000520
-0.061423
-0.014492
-0.001172
0.012352
-0.016151
0.025639
0.023445
-0.001312
-0.006125
0.025448
-0.022896
-0.014861
-0.025388
-0.000542
-0.025886
-0.009709
0.004933
-0.021982
0.002715
0.006360
0.002903
-0.028755
-0.004300
0.006682
0.021362
-0.005856
-0.003801
-0.012622
-0.000526
-0.006197
-0.033245
-0.009522
-0.007290
-0.005873
0.022024
-0.005100
-0.001639
-0.009184
-0.004596
-0.007687
-0.015294
-0.015952
0.002566
0.004089
-0.000469
-0.002482
-0.027526
-0.003671
-0.006022
-0.008136
-0.012858
0.010838
-0.020292
0.005452
-0.001554
-0.002792
-0.004519
-0.004216
0.013494
0.003903
-0.010234
-0.005699
-0.019592
-0.007567
-0.000433
-0.000670
0.007838
-0.014705
-0.001933
0.009563
-0.020356
-0.029411
-0.028778
0.005708
-0.007174
0.002315
0.004778
-0.022390
-0.008847
-0.010228
0.006045
-0.009445
-0.000488
-0.001609
0.000233
-0.000691
-0.002028
0.005807
-0.011870
-0.000295
-0.008137
-0.002924
0.005687
-0.004835
-0.000834
-0.039089
-0.000111
-0.001723
-0.004126
-0.013706
0.004322
-0.035997
0.003242
-0.009874
-0.008519
-0.001856
-0.005439
0.009697
-0.000150
-0.013979
-0.000657
-0.013436
0.003325
0.011587
-0.049442
0.012806
-0.003356
0.007657
0.018850
0.000312
0.002635
0.004084
0.021587
0.001171
-0.003503
-0.023505
-0.005965
-0.020393
-0.002622
0.016086
-0.002503
-0.000306
0.011770
-0.018531
-0.000796
-0.000659
-0.004200
0.005047
-0.002864
-0.005381
0.000093
0.016327
-0.008677
-0.000007
-0.007760
-0.040340
-0.004543
0.005230
-0.007849
-0.045589
-0.015414
-0.007392
-0.005988
0.013747
0.000113
-0.004959
-0.002330
-0.007195
-0.014218
0.008609
-0.054124
-0.001265
0.055257
0.001318
-0.014038
-0.064154
0.007642
0.004246
0.019350
0.031870
-0.008169
0.030171
0.017517
-0.027149
-0.005074
-0.013593
0.007914
-0.001856
-0.000941
0.006348
0.015226
-0.013931
-0.000630
-0.020519
-0.002506
-0.006632
0.017079
-0.006736
-0.001676
0.029591
-0.003992
-0.030599
-0.003139
0.032116
-0.007612
-0.011361
-0.023824
-0.001476
0.032425
-0.001883
-0.017500
-0.000169
0.021670
-0.084024
-0.006328
0.041847
0.042405
0.034973
-0.007317
0.023045
-0.002710
-0.008107
0.020429
0.002033
0.036755
0.006586
0.007621
-0.008163
-0.004545
0.001092
0.007231
-0.003276
0.008449
0.016958
-0.003337
-0.001922
-0.018946
0.014470
0.009446
0.003025
0.012377
0.002650
-0.056170
-0.007177
-0.008477
0.014342
-0.000356
0.006571
0.007101
-0.002362
-0.104717
-0.009359
0.015984
0.007827
-0.012917
-0.001100
-0.000843
-0.002755
-0.006220
0.001892
-0.021904
-0.022056
0.005539
-0.015341
-0.007601
0.004097
-0.029576
-0.012226
0.000795
0.003055
-0.009811
-0.005297
-0.005635
-0.000846
-0.009499
-0.002472
-0.003523
0.007315
-0.006480
0.012396
-0.012978
0.008026
0.025051
-0.003087
-0.001400
-0.008018
0.002750
-0.036165
-0.004002
-0.001222
-0.007906
0.001113
-0.021942
-0.002008
-0.000594
-0.001804
-0.006013
-0.002297
-0.007586
-0.001108
-0.001732
0.004546
-0.015574
-0.011898
0.033497
-0.001832
0.002171
0.015370
0.001267
-0.009654
-0.001325
-0.006536
0.006472
-0.003784
0.005780
0.040758
0.013703
-0.003316
0.017661
-0.003691
-0.015041
0.003236
0.004359
0.026034
0.012592
-0.016490
0.005508
-0.013294
0.000130
-0.012453
-0.000691
0.023720
-0.106414
-0.015284
-0.001042
-0.012458
-0.002249
-0.000463
-0.000282
-0.004293
-0.004952
-0.011207
-0.000925
-0.005355
-0.029271
-0.023956
-0.020797
0.014422
0.003371
-0.000688
0.006769
0.001770
-0.003217
-0.005390
-0.000281
-0.004095
-0.003123
-0.014521
0.001078
-0.000942
0.000572
0.011916
-0.010083
-0.002145
-0.006339
-0.027978
-0.007684
-0.008045
-0.041425
-0.007111
-0.016359
-0.006842
-0.003696
0.001770
-0.015831
-0.001126
0.001784
0.000286
-0.003125
-0.001720
0.004040
0.013205
-0.006556
0.004271
-0.074297
0.022038
0.022178
0.035403
-0.000398
-0.001772
-0.014303
0.000336
0.004466
0.001763
0.038980
-0.002094
-0.014410
0.015487
-0.000652
-0.006845
-0.003338
-0.005300
-0.002169
0.007710
0.001889
-0.001661
-0.005244
-0.009156
-0.016436
-0.010830
-0.012697
-0.000338
-0.009214
-0.001175
-0.018801
0.021145
-0.002082
0.029796
0.003035
-0.014413
-0.011194
-0.003553
-0.007240
0.008461
-0.000059
-0.010130
0.033197
-0.002592
0.025365
0.001419
-0.003532
-0.016625
0.021351
0.002565
-0.038426
-0.013011
0.001672
-0.052526
-0.013682
0.001989
0.008595
0.049643
0.007418
0.015637
-0.001784
-0.004164
0.010968
0.008487
-0.008379
-0.003800
-0.006843
-0.041609
0.009603
0.012208
-0.006446
-0.003278
-0.008696
0.026332
-0.029792
-0.023262
-0.018325
0.019554
-0.000265
-0.003347
-0.006185
-0.002061
-0.007241
0.000323
-0.019511
-0.019995
0.000097
-0.007966
-0.001872
0.025680
-0.045332
-0.001569
0.002968
-0.032277
-0.003648
-0.006364
-0.002398
-0.000368
0.029803
-0.004355
0.008780
0.000010
-0.008321
-0.013670
0.001940
0.023441
0.000222
-0.021007
-0.006332
-0.000921
0.000350
-0.028217
0.020756
-0.025472
-0.007911
-0.006057
-0.027598
-0.014220
-0.019626
-0.017989
-0.002632
-0.000388
0.000867
-0.010041
-0.005049
-0.014283
-0.011271
0.015792
-0.005778
0.001649
-0.004468
-0.001784
-0.032214
0.005453
-0.005287
0.022819
0.016751
-0.004646
0.019279
-0.010826
0.008828
-0.000448
0.003523
0.009406
-0.015300
-0.005605
-0.000372
0.004232
-0.003995
-0.012759
-0.007628
-0.003825
0.030932
0.005784
-0.009082
0.005550
-0.017817
-0.000563
-0.032142
0.018796
-0.001186
0.047210
0.035258
-0.000997
-0.011888
-0.008804
-0.004656
-0.020352
-0.006066
-0.005190
-0.008256
-0.001033
0.019859
-0.002818
-0.005793
-0.000769
0.004331
-0.011718
-0.025637
0.029871
