5.049868e-06 1
1.007835e-05 2
2.943265e-05 3
2.241101e-05 4
1.522034e-05 5
8.790494e-06 6
1.169119e-05 7
4.757065e-06 8
3.371674e-06 9
9.960173e-06 10
2.104617e-05 11
5.544776e-06 12
3.797656e-06 13
8.708919e-08 14
7.097767e-05 15
5.624915e-06 16
3.886283e-06 17
4.154894e-06 18
1.140749e-06 19
1.196852e-05 20
1.589268e-05 21
2.078626e-04 22
1.065724e-05 23
2.642500e-06 24
5.425347e-06 25
8.311789e-06 26
3.631833e-05 27
1.129986e-05 28
1.212233e-05 29
8.377310e-06 30
4.512411e-05 31
5.856575e-06 32
1.862344e-03 33
7.928158e-06 34
1.246010e-05 35
9.802473e-06 36
3.476145e-06 37
1.735400e-06 38
1.651264e-06 39
6.217614e-06 40
9.177643e-04 41
1.948792e-05 42
7.744875e-06 43
7.136645e-06 44
9.773783e-06 45
1.243273e-05 46
4.045281e-06 47
4.783871e-04 48
1.232402e-05 49
9.347050e-06 50
9.384555e-06 51
1.204894e-05 52
8.150583e-06 53
1.524048e-02 54
1.322449e-05 55
1.739635e-02 56
6.120129e-06 57
9.415189e-06 58
6.379544e-06 59
2.765715e-05 60
2.626462e-03 61
3.092740e-03 62
4.546034e-06 63
1.018290e-05 64
9.653144e-07 65
1.955906e-05 66
3.281238e-06 67
7.084180e-06 68
1.768030e-05 69
2.896537e-06 70
4.572395e-05 71
7.283801e-06 72
2.923149e-07 73
2.204511e-06 74
2.546060e-05 75
9.470299e-06 76
8.518368e-06 77
5.833300e-05 78
4.233088e-04 79
5.483307e-06 80
5.643977e-06 81
2.979168e-06 82
2.082300e-05 83
9.875605e-07 84
5.281204e-06 85
1.042657e-06 86
6.531973e-05 87
3.162795e-05 88
5.959838e-06 89
8.301073e-06 90
8.383184e-06 91
6.491088e-06 92
1.627871e-05 93
1.234284e-06 94
2.561097e-03 95
1.084422e-05 96
7.962381e-05 97
5.751686e-06 98
4.980870e-06 99
1.845132e-03 100
5.325492e-06 101
1.239898e-05 102
3.700256e-06 103
1.499570e-05 104
2.291755e-06 105
5.699169e-06 106
7.054444e-06 107
2.443843e-05 108
5.055263e-06 109
2.055808e-05 110
6.446828e-04 111
3.877062e-05 112
3.347342e-06 113
1.053931e-05 114
1.113370e-05 115
2.076707e-05 116
1.443079e-05 117
7.689044e-04 118
2.001652e-06 119
2.005504e-03 120
2.748626e-05 121
1.066981e-05 122
2.331287e-04 123
8.012914e-06 124
1.294807e-05 125
2.375955e-05 126
1.483787e-05 127
6.350178e-06 128
1.655019e-05 129
1.218678e-05 130
8.790280e-06 131
4.103391e-03 132
5.627032e-05 133
8.241779e-06 134
6.411636e-06 135
2.961277e-05 136
1.852073e-05 137
2.188446e-05 138
1.152564e-05 139
4.917501e-06 140
1.383376e-05 141
7.223913e-06 142
5.748708e-06 143
3.192941e-06 144
6.142221e-06 145
3.231918e-05 146
7.364673e-06 147
4.909630e-06 148
5.475197e-03 149
7.744173e-03 150
6.949094e-06 151
4.752670e-09 152
8.403448e-06 153
3.357081e-06 154
1.073670e-05 155
7.430773e-03 156
2.731326e-06 157
1.015419e-05 158
4.151852e-04 159
2.786903e-05 160
2.173792e-05 161
1.262368e-05 162
8.188246e-06 163
6.955088e-06 164
4.097231e-06 165
3.629341e-06 166
1.619579e-06 167
8.428714e-06 168
7.870687e-06 169
6.473448e-05 170
1.091652e-05 171
9.540538e-06 172
6.892686e-06 173
8.892739e-04 174
6.257451e-03 175
4.899531e-06 176
7.315531e-06 177
4.521844e-06 178
9.803556e-06 179
4.225749e-05 180
9.081013e-06 181
9.607267e-06 182
3.320974e-05 183
2.773605e-05 184
4.251880e-06 185
1.472069e-05 186
2.340269e-05 187
1.934284e-05 188
1.197450e-05 189
2.375260e-06 190
7.361329e-06 191
4.362606e-05 192
7.358425e-06 193
1.470679e-06 194
5.836208e-06 195
2.887280e-06 196
6.880756e-07 197
2.889063e-03 198
1.606358e-06 199
1.990182e-05 200
1.386264e-06 201
1.175368e-05 202
1.125378e-03 203
8.390661e-06 204
1.805163e-05 205
3.927408e-04 206
6.781796e-05 207
2.612479e-05 208
9.767177e-03 209
1.009333e-03 210
2.981464e-07 211
5.994210e-06 212
2.447636e-03 213
1.274444e-03 214
1.863552e-05 215
1.520862e-05 216
1.895978e-04 217
2.005898e-03 218
2.623004e-06 219
1.233304e-06 220
7.996142e-06 221
1.797495e-05 222
5.414868e-06 223
6.789922e-03 224
1.487077e-03 225
4.241697e-06 226
6.730254e-06 227
3.797554e-06 228
7.361691e-06 229
9.590213e-06 230
3.738660e-06 231
3.646849e-06 232
5.929034e-06 233
1.256243e-03 234
1.540412e-05 235
1.570062e-05 236
5.964310e-05 237
1.934937e-05 238
8.009771e-06 239
6.576699e-06 240
1.637999e-05 241
5.635713e-06 242
1.162438e-05 243
1.062639e-05 244
8.145333e-06 245
4.511934e-06 246
1.529105e-05 247
4.685680e-06 248
2.236332e-06 249
4.657394e-03 250
5.813534e-07 251
8.006307e-06 252
4.312250e-06 253
2.693351e-03 254
3.510874e-04 255
6.466711e-06 256
3.551905e-06 257
1.866290e-06 258
1.681393e-05 259
8.224219e-06 260
6.279976e-06 261
4.995206e-05 262
1.831963e-03 263
2.936705e-05 264
1.597963e-03 265
5.368343e-06 266
5.745575e-06 267
3.272116e-06 268
7.382753e-06 269
7.464161e-06 270
1.052842e-05 271
1.001391e-06 272
8.890684e-06 273
4.373071e-06 274
3.920506e-05 275
4.077385e-07 276
2.537296e-06 277
1.206836e-05 278
8.889515e-06 279
8.734308e-06 280
2.514527e-07 281
2.960447e-06 282
2.916782e-06 283
4.311339e-06 284
4.406844e-03 285
9.255035e-06 286
6.622209e-06 287
1.099142e-03 288
6.968887e-03 289
8.032085e-06 290
4.286063e-07 291
1.140393e-05 292
3.080593e-05 293
1.169720e-05 294
7.486649e-06 295
8.367647e-06 296
5.599708e-06 297
5.327577e-06 298
7.009133e-06 299
1.196391e-05 300
8.464698e-06 301
5.392505e-06 302
2.480550e-06 303
7.220138e-06 304
3.234294e-03 305
8.349299e-06 306
1.232217e-05 307
1.001962e-06 308
4.225065e-06 309
5.284300e-06 310
1.609207e-06 311
3.287446e-05 312
5.393521e-06 313
3.305557e-03 314
4.189064e-06 315
7.067677e-03 316
8.948891e-06 317
3.609192e-06 318
4.859959e-06 319
5.463077e-06 320
1.422646e-05 321
6.775262e-06 322
1.350629e-03 323
1.170685e-05 324
5.171916e-06 325
3.580307e-06 326
8.335863e-06 327
8.902099e-07 328
5.592230e-06 329
1.115291e-05 330
3.692424e-06 331
1.111640e-06 332
8.847453e-06 333
1.567241e-05 334
1.077883e-03 335
2.366258e-06 336
1.340328e-05 337
4.962361e-06 338
6.730012e-06 339
4.250358e-04 340
1.460130e-05 341
5.025312e-06 342
4.475274e-06 343
1.144041e-05 344
5.087703e-06 345
4.393122e-07 346
2.125642e-05 347
3.633967e-06 348
6.629041e-06 349
6.307055e-06 350
4.237466e-06 351
6.116316e-06 352
1.104001e-04 353
1.292994e-05 354
5.650912e-06 355
5.585021e-06 356
6.258182e-06 357
6.695105e-06 358
7.439690e-06 359
1.221094e-03 360
2.980110e-05 361
6.880514e-06 362
1.080070e-05 363
5.639888e-06 364
3.892060e-06 365
3.539401e-06 366
1.811845e-06 367
1.995854e-05 368
5.181866e-06 369
7.487187e-06 370
3.560364e-06 371
9.578990e-03 372
8.248620e-06 373
3.254280e-06 374
4.156762e-06 375
6.592797e-06 376
2.723136e-06 377
6.888057e-06 378
8.677057e-06 379
8.344548e-06 380
3.984729e-06 381
1.327643e-03 382
3.288684e-04 383
8.876608e-06 384
5.068039e-06 385
2.490269e-06 386
1.109926e-05 387
1.273327e-05 388
1.927218e-06 389
9.463821e-06 390
2.916979e-05 391
6.304553e-06 392
2.367838e-06 393
6.476519e-06 394
1.428394e-03 395
1.311281e-04 396
9.055598e-06 397
1.640190e-05 398
1.934260e-05 399
1.380660e-05 400
5.981701e-06 401
5.019019e-06 402
1.096150e-05 403
1.536530e-05 404
3.997234e-03 405
2.781916e-03 406
1.355516e-05 407
2.162179e-06 408
5.903040e-03 409
2.601337e-05 410
1.681047e-05 411
1.844809e-05 412
6.093581e-06 413
1.124763e-05 414
4.159522e-06 415
3.456242e-06 416
4.038617e-06 417
5.989133e-06 418
4.603676e-06 419
6.156703e-06 420
5.077387e-06 421
7.537716e-06 422
3.310214e-06 423
1.038592e-05 424
3.769405e-06 425
6.871636e-06 426
1.212516e-05 427
4.448555e-05 428
1.014335e-05 429
1.029926e-05 430
5.789505e-06 431
7.274090e-06 432
3.325274e-06 433
9.828949e-06 434
1.756716e-05 435
3.736184e-06 436
2.349946e-06 437
6.211583e-06 438
1.182692e-05 439
2.118475e-05 440
5.789197e-07 441
2.225201e-05 442
1.313266e-05 443
1.577557e-05 444
5.195781e-06 445
1.260981e-05 446
2.676782e-06 447
2.237044e-05 448
5.340177e-06 449
2.803038e-06 450
2.362595e-03 451
5.754367e-06 452
6.189724e-06 453
2.226656e-05 454
1.141226e-05 455
5.373482e-06 456
1.162094e-05 457
2.997220e-06 458
5.023330e-06 459
5.083254e-06 460
1.347284e-06 461
5.127517e-04 462
6.573465e-06 463
8.721121e-06 464
2.234341e-05 465
9.786188e-06 466
3.527606e-05 467
1.919682e-07 468
5.278284e-03 469
4.203624e-04 470
2.807937e-06 471
4.738584e-06 472
1.211926e-05 473
6.797029e-06 474
4.109835e-06 475
2.612898e-03 476
3.498383e-04 477
1.481696e-05 478
6.312622e-07 479
2.951834e-06 480
4.163645e-06 481
9.039993e-06 482
7.620721e-06 483
3.192014e-06 484
2.379346e-06 485
2.804793e-06 486
8.600334e-06 487
1.204534e-05 488
5.985348e-06 489
6.594710e-06 490
1.036749e-05 491
4.987054e-06 492
6.387177e-06 493
6.610143e-06 494
7.929079e-06 495
1.473571e-05 496
1.251426e-05 497
1.755543e-05 498
3.896413e-05 499
1.663863e-05 500
2.497354e-05 501
1.819607e-03 502
1.660043e-05 503
5.230572e-06 504
1.261409e-05 505
9.568551e-06 506
3.757006e-06 507
4.611581e-06 508
6.104406e-04 509
9.375183e-06 510
5.657811e-06 511
5.758321e-06 512
4.891923e-05 513
6.307312e-06 514
6.221917e-06 515
6.622918e-07 516
4.139839e-06 517
3.483986e-06 518
6.704889e-06 519
1.019062e-05 520
7.220870e-06 521
7.294174e-07 522
4.391086e-06 523
3.634450e-05 524
2.171185e-05 525
1.833434e-05 526
5.485082e-06 527
4.334597e-06 528
1.054971e-05 529
7.918471e-06 530
1.438350e-05 531
2.196827e-06 532
1.020604e-05 533
9.749777e-07 534
5.315787e-06 535
1.058717e-05 536
8.762282e-06 537
1.303343e-05 538
4.197209e-06 539
1.424455e-05 540
1.526000e-04 541
5.410130e-06 542
1.654556e-06 543
7.807650e-06 544
7.579868e-06 545
5.952722e-06 546
4.349716e-06 547
1.432986e-06 548
1.076706e-05 549
7.288648e-06 550
3.451914e-04 551
4.414788e-06 552
4.367356e-06 553
7.243485e-06 554
5.113982e-06 555
6.310767e-05 556
1.275426e-06 557
9.608885e-06 558
2.992249e-06 559
6.638904e-06 560
7.981309e-06 561
3.871597e-05 562
9.287283e-06 563
7.057250e-06 564
5.379772e-06 565
5.364507e-06 566
3.177845e-06 567
2.167874e-06 568
5.991049e-06 569
1.264382e-06 570
2.336060e-04 571
7.918260e-06 572
4.192782e-06 573
7.913479e-06 574
1.008823e-05 575
1.480149e-05 576
1.076852e-05 577
6.162613e-06 578
3.133995e-05 579
1.159440e-06 580
1.169041e-05 581
9.706469e-06 582
9.342367e-06 583
2.171066e-03 584
5.217390e-06 585
4.677641e-06 586
3.507774e-06 587
5.124256e-06 588
1.158724e-05 589
3.044793e-06 590
7.339659e-06 591
7.763499e-06 592
2.027458e-06 593
6.519828e-06 594
8.318551e-06 595
6.704099e-06 596
3.170291e-06 597
6.460630e-06 598
2.151903e-05 599
1.227200e-05 600
5.832203e-06 601
6.809198e-06 602
3.061392e-06 603
6.254341e-06 604
3.012392e-06 605
4.525836e-06 606
1.278385e-05 607
5.352376e-06 608
4.675366e-06 609
1.478919e-05 610
9.836649e-05 611
5.558369e-05 612
3.225786e-05 613
4.929664e-06 614
1.221259e-05 615
9.135337e-06 616
7.651309e-06 617
1.428621e-05 618
1.559908e-05 619
1.880113e-04 620
3.159994e-06 621
8.446707e-06 622
5.450994e-06 623
1.488387e-05 624
2.104843e-06 625
7.271606e-06 626
6.275509e-05 627
2.045860e-05 628
7.851948e-06 629
4.736666e-06 630
5.305867e-06 631
4.382357e-06 632
4.626769e-06 633
6.179501e-06 634
1.303336e-05 635
1.670928e-06 636
9.472860e-06 637
1.736295e-05 638
2.961448e-06 639
1.081088e-05 640
2.605352e-05 641
3.547048e-06 642
5.977014e-06 643
7.856933e-06 644
4.752278e-06 645
7.709081e-06 646
5.877758e-06 647
1.107139e-05 648
8.093030e-06 649
7.104112e-06 650
6.166036e-06 651
6.701173e-06 652
8.923582e-06 653
1.020248e-05 654
1.062138e-05 655
6.641538e-06 656
1.178427e-05 657
5.256882e-06 658
5.956831e-06 659
5.277010e-06 660
5.236380e-06 661
7.685997e-06 662
4.687431e-06 663
5.755655e-06 664
8.288718e-06 665
1.063471e-06 666
6.318471e-06 667
6.397315e-06 668
1.245021e-05 669
1.194944e-05 670
6.799463e-06 671
6.674363e-06 672
6.751419e-06 673
4.810801e-06 674
5.135211e-06 675
8.047644e-06 676
3.760465e-06 677
1.463522e-05 678
6.397538e-06 679
4.929165e-06 680
1.123195e-05 681
2.334391e-06 682
4.203862e-06 683
1.806740e-05 684
9.545235e-07 685
6.845349e-06 686
6.099999e-06 687
4.150465e-06 688
2.332926e-05 689
2.147665e-06 690
1.053299e-05 691
6.810432e-07 692
6.502780e-05 693
1.055674e-05 694
4.623813e-06 695
3.674062e-06 696
5.357466e-06 697
5.441784e-06 698
1.201314e-05 699
1.733478e-05 700
6.437921e-06 701
3.607171e-06 702
3.733268e-06 703
9.956300e-06 704
1.393661e-05 705
4.911164e-06 706
9.966025e-07 707
5.195990e-06 708
1.140952e-05 709
5.068453e-06 710
1.452747e-05 711
6.624155e-06 712
1.283458e-05 713
3.442392e-07 714
7.399619e-06 715
1.633214e-05 716
1.196713e-05 717
4.859017e-06 718
2.166349e-06 719
1.236569e-05 720
4.233916e-05 721
6.541344e-06 722
1.185455e-05 723
5.082713e-06 724
6.000831e-06 725
6.440463e-06 726
5.305406e-06 727
9.380422e-06 728
3.813519e-06 729
8.648531e-06 730
1.209985e-04 731
8.555620e-06 732
7.443871e-06 733
1.447949e-05 734
1.290134e-05 735
3.874870e-06 736
4.488488e-06 737
8.026728e-06 738
1.408113e-05 739
4.643137e-06 740
4.884769e-06 741
6.496937e-07 742
1.165668e-05 743
5.510332e-06 744
4.947381e-06 745
1.910228e-05 746
8.325354e-06 747
2.015782e-06 748
6.267507e-06 749
1.211852e-05 750
3.709269e-06 751
2.920245e-06 752
4.664973e-06 753
2.616127e-06 754
1.020360e-05 755
4.456877e-06 756
6.373981e-06 757
8.812527e-06 758
4.752186e-06 759
1.251854e-05 760
8.811705e-07 761
4.338994e-06 762
9.926533e-06 763
2.958622e-06 764
1.324129e-06 765
6.029270e-06 766
4.502507e-06 767
7.054077e-06 768
1.044690e-05 769
6.420882e-06 770
7.179858e-06 771
1.174836e-05 772
7.241257e-07 773
4.109973e-06 774
7.067038e-06 775
8.071783e-06 776
6.552140e-06 777
2.763816e-06 778
6.539424e-06 779
1.001097e-06 780
3.615512e-06 781
2.648415e-06 782
2.610109e-06 783
1.685343e-05 784
4.018005e-06 785
6.214355e-06 786
5.922294e-06 787
2.387002e-06 788
3.749187e-06 789
9.641267e-07 790
5.512032e-06 791
3.976189e-03 792
2.314575e-06 793
3.381516e-06 794
1.140905e-05 795
8.050999e-06 796
7.785238e-04 797
8.981140e-06 798
5.466269e-06 799
3.818214e-06 800
1.808425e-06 801
1.846768e-06 802
7.831573e-06 803
8.552635e-06 804
6.100435e-06 805
5.132417e-06 806
3.538352e-06 807
6.350536e-06 808
7.627830e-06 809
8.000863e-06 810
8.563722e-06 811
7.456098e-06 812
3.485813e-06 813
5.392526e-06 814
3.736768e-06 815
9.598124e-06 816
8.130009e-06 817
5.397094e-06 818
4.106505e-06 819
1.438739e-06 820
4.676149e-06 821
7.816728e-06 822
8.635982e-06 823
2.473246e-06 824
8.711241e-06 825
5.332188e-06 826
1.192494e-05 827
6.062785e-06 828
3.376532e-06 829
3.697868e-03 830
3.817838e-06 831
2.403204e-06 832
6.544987e-06 833
1.688681e-06 834
5.154069e-06 835
1.152236e-05 836
1.032145e-05 837
2.904156e-06 838
1.191948e-05 839
4.866974e-06 840
2.330780e-06 841
1.546861e-06 842
3.277354e-06 843
3.450740e-06 844
1.615646e-06 845
1.169305e-05 846
2.263440e-06 847
1.049537e-05 848
1.105640e-05 849
2.782857e-06 850
1.605152e-04 851
1.396571e-05 852
7.034347e-06 853
4.123255e-06 854
4.130963e-06 855
5.531098e-06 856
7.242744e-06 857
4.296636e-06 858
1.085328e-05 859
3.918548e-06 860
4.966662e-06 861
1.027545e-05 862
1.376443e-05 863
1.189243e-05 864
3.568424e-06 865
4.587581e-06 866
8.624814e-06 867
7.459276e-06 868
5.291804e-06 869
1.409811e-05 870
7.155767e-06 871
4.521684e-06 872
1.727357e-05 873
1.728632e-04 874
3.719223e-03 875
2.750226e-05 876
2.035908e-03 877
3.974632e-06 878
9.501742e-06 879
1.136952e-05 880
2.026626e-05 881
5.344979e-06 882
5.344979e-06 883
5.344979e-06 884
8.344365e-06 885
1.396745e-06 886
1.396745e-06 887
1.781234e-06 888
1.781234e-06 889
5.728094e-06 890
6.689782e-06 891
2.046008e-05 892
7.953375e-06 893
5.102233e-06 894
7.999967e-06 895
6.344283e-05 896
2.544882e-06 897
3.342194e-05 898
1.334532e-05 899
3.387410e-06 900
3.074342e-06 901
1.779568e-05 902
9.168691e-06 903
1.139092e-05 904
6.112369e-06 905
9.225383e-06 906
6.909068e-06 907
6.228189e-06 908
3.539960e-05 909
1.414830e-05 910
1.234870e-05 911
1.025190e-05 912
1.241594e-05 913
1.241724e-05 914
8.026908e-04 915
8.026908e-04 916
1.773524e-05 917
1.092808e-05 918
7.393233e-06 919
8.811886e-04 920
1.008725e-05 921
1.412117e-05 922
6.558517e-06 923
8.745920e-06 924
2.823969e-06 925
2.823969e-06 926
2.823969e-06 927
1.953976e-05 928
5.648027e-06 929
9.028870e-06 930
4.387081e-06 931
3.696801e-06 932
2.671627e-06 933
5.664181e-06 934
8.485090e-06 935
7.561454e-06 936
6.949226e-06 937
4.062861e-06 938
5.848031e-06 939
4.997740e-03 940
5.853306e-06 941
1.295899e-05 942
6.071345e-06 943
6.789765e-06 944
4.851487e-06 945
4.595588e-06 946
8.855732e-06 947
5.514749e-06 948
8.785054e-06 949
3.138658e-06 950
5.916281e-06 951
7.204693e-06 952
9.678341e-06 953
6.004160e-06 954
6.424242e-06 955
9.369385e-06 956
8.552627e-06 957
1.703076e-05 958
1.056483e-03 959
6.384853e-06 960
1.051065e-05 961
1.458455e-05 962
1.453948e-05 963
2.413097e-06 964
5.637554e-06 965
5.637554e-06 966
5.653224e-06 967
8.509661e-06 968
7.793189e-06 969
6.744609e-06 970
4.801547e-06 971
4.801547e-06 972
4.801547e-06 973
1.769266e-06 974
2.695361e-06 975
4.376676e-06 976
4.214769e-05 977
8.292400e-04 978
9.206368e-06 979
1.430837e-05 980
1.271479e-05 981
1.728555e-05 982
6.351441e-06 983
6.195773e-06 984
5.297488e-06 985
5.729108e-06 986
4.123649e-06 987
6.408433e-06 988
4.810612e-06 989
3.228872e-06 990
5.013418e-06 991
7.549744e-06 992
4.420674e-06 993
9.801830e-06 994
4.906027e-06 995
5.621584e-06 996
5.584582e-06 997
9.543136e-06 998
1.022393e-05 999
5.778526e-06 1000
1.048642e-05 1001
8.895753e-06 1002
5.606161e-06 1003
6.356648e-06 1004
6.721032e-06 1005
4.470245e-06 1006
2.171477e-06 1007
2.056242e-06 1008
8.659217e-06 1009
1.315827e-05 1010
1.315827e-05 1011
4.054983e-05 1012
6.154163e-06 1013
6.530699e-06 1014
4.566894e-06 1015
5.199020e-05 1016
2.185442e-05 1017
4.922587e-06 1018
1.908785e-03 1019
1.676985e-06 1020
4.619926e-06 1021
2.319922e-06 1022
4.804880e-06 1023
5.343330e-06 1024
1.631368e-06 1025
2.910466e-06 1026
2.688088e-05 1027
2.688088e-05 1028
2.688088e-05 1029
2.608361e-06 1030
2.608361e-06 1031
1.940253e-05 1032
5.302476e-05 1033
7.365798e-06 1034
5.513982e-06 1035
6.696081e-06 1036
2.271360e-06 1037
2.099883e-05 1038
8.214380e-06 1039
4.092784e-06 1040
5.349913e-06 1041
7.477140e-06 1042
7.328652e-06 1043
6.216779e-06 1044
6.997491e-06 1045
4.454432e-06 1046
1.384875e-05 1047
1.122289e-05 1048
1.225331e-05 1049
4.231110e-06 1050
3.701734e-06 1051
4.753685e-06 1052
9.647797e-06 1053
1.522961e-05 1054
3.407600e-06 1055
2.184036e-05 1056
3.313311e-05 1057
1.814056e-03 1058
1.341026e-05 1059
5.524733e-06 1060
1.765821e-05 1061
3.911205e-06 1062
1.841128e-03 1063
1.238660e-05 1064
1.146664e-05 1065
1.444214e-06 1066
4.026908e-06 1067
3.645567e-06 1068
4.888177e-06 1069
7.048786e-06 1070
3.239093e-06 1071
1.258912e-03 1072
2.614320e-06 1073
3.439454e-06 1074
4.311848e-06 1075
6.088687e-06 1076
3.959818e-06 1077
4.954187e-06 1078
1.447734e-05 1079
3.444452e-06 1080
3.117564e-06 1081
4.709099e-03 1082
8.432147e-06 1083
5.199597e-06 1084
3.730315e-06 1085
5.565403e-06 1086
1.124916e-03 1087
1.008123e-05 1088
4.278653e-04 1089
7.627981e-06 1090
8.644094e-06 1091
4.618497e-06 1092
6.855972e-06 1093
3.231663e-05 1094
1.526497e-06 1095
2.610099e-06 1096
4.819203e-06 1097
4.031586e-06 1098
3.575812e-06 1099
9.107595e-06 1100
4.712564e-06 1101
4.647430e-06 1102
7.273598e-06 1103
4.366202e-06 1104
2.272214e-05 1105
3.943304e-06 1106
7.854511e-06 1107
3.049880e-06 1108
3.049880e-06 1109
3.687359e-06 1110
1.857015e-05 1111
2.106223e-06 1112
4.322222e-05 1113
5.258294e-06 1114
4.328854e-06 1115
5.233785e-04 1116
3.647536e-04 1117
3.411340e-06 1118
3.190877e-06 1119
1.951284e-05 1120
5.003209e-06 1121
4.110453e-06 1122
1.692744e-05 1123
2.769922e-03 1124
4.939539e-06 1125
8.049984e-06 1126
1.202723e-05 1127
4.169563e-06 1128
2.198947e-06 1129
2.198947e-06 1130
2.470869e-06 1131
2.063643e-06 1132
8.493925e-06 1133
2.244903e-05 1134
2.179187e-06 1135
1.069571e-05 1136
3.016254e-06 1137
3.341512e-06 1138
1.794264e-05 1139
1.794264e-05 1140
7.364930e-06 1141
1.014443e-05 1142
2.756886e-05 1143
2.159963e-02 1144
7.034752e-06 1145
8.820351e-06 1146
1.501824e-05 1147
5.659397e-06 1148
2.012065e-06 1149
9.724189e-06 1150
9.246460e-06 1151
1.080045e-05 1152
1.582270e-06 1153
9.029472e-06 1154
3.530544e-06 1155
2.445467e-06 1156
3.200759e-06 1157
2.301198e-06 1158
3.408731e-06 1159
2.090690e-06 1160
1.560304e-06 1161
1.456545e-05 1162
7.115282e-06 1163
2.855210e-06 1164
6.227869e-06 1165
5.902144e-06 1166
1.579633e-05 1167
1.542791e-03 1168
3.837783e-06 1169
7.095560e-06 1170
2.547806e-06 1171
1.022877e-04 1172
5.425789e-06 1173
7.418922e-06 1174
4.767907e-06 1175
4.077491e-06 1176
2.556658e-06 1177
5.427383e-06 1178
7.406914e-06 1179
5.206539e-06 1180
8.654811e-06 1181
4.264355e-06 1182
8.202167e-06 1183
3.994791e-06 1184
3.613579e-06 1185
1.173573e-05 1186
1.173573e-05 1187
1.473899e-05 1188
3.598290e-06 1189
7.263292e-06 1190
4.248501e-05 1191
2.569021e-05 1192
2.656306e-05 1193
2.097581e-05 1194
4.100888e-06 1195
4.642936e-06 1196
6.408548e-06 1197
2.137701e-05 1198
7.686618e-06 1199
1.532032e-05 1200
1.532032e-05 1201
5.315421e-06 1202
1.144324e-05 1203
1.535752e-05 1204
3.593912e-06 1205
2.661924e-06 1206
8.250225e-06 1207
1.163980e-05 1208
5.784216e-06 1209
2.754179e-06 1210
8.699134e-06 1211
3.272729e-06 1212
1.320086e-05 1213
3.252073e-06 1214
1.081883e-05 1215
2.982591e-06 1216
5.396281e-06 1217
3.132310e-06 1218
3.616082e-06 1219
1.018182e-05 1220
6.445439e-06 1221
1.222499e-05 1222
2.998091e-05 1223
7.242405e-06 1224
1.645710e-05 1225
8.020007e-06 1226
6.444218e-06 1227
3.853122e-04 1228
1.164981e-05 1229
4.483244e-05 1230
2.613453e-05 1231
7.584019e-06 1232
4.173667e-06 1233
5.250650e-06 1234
2.604892e-06 1235
4.427396e-04 1236
1.150561e-05 1237
2.318842e-03 1238
5.321636e-06 1239
2.772751e-06 1240
2.772751e-06 1241
2.394955e-06 1242
7.935265e-06 1243
9.142142e-06 1244
9.142142e-06 1245
4.483438e-05 1246
5.721534e-06 1247
5.721534e-06 1248
3.080151e-06 1249
8.932597e-06 1250
2.606299e-06 1251
2.606299e-06 1252
2.606299e-06 1253
8.797692e-06 1254
9.796099e-06 1255
6.295641e-06 1256
4.743614e-06 1257
1.096800e-05 1258
5.261778e-06 1259
7.253450e-06 1260
5.835010e-06 1261
1.515193e-05 1262
7.157774e-06 1263
1.139813e-05 1264
7.047454e-06 1265
3.690672e-06 1266
9.885634e-06 1267
2.028296e-06 1268
3.158219e-05 1269
3.433059e-06 1270
7.274095e-06 1271
5.079948e-06 1272
5.493537e-06 1273
4.330555e-06 1274
1.440077e-05 1275
6.483071e-06 1276
9.675710e-06 1277
5.002985e-06 1278
7.009188e-06 1279
2.308547e-06 1280
1.322229e-05 1281
1.953145e-05 1282
4.290434e-04 1283
4.997412e-06 1284
6.305520e-06 1285
7.084983e-06 1286
4.963142e-06 1287
5.496696e-06 1288
1.883886e-06 1289
1.435889e-05 1290
5.698972e-06 1291
5.628506e-06 1292
2.007795e-06 1293
2.207120e-06 1294
4.198555e-06 1295
5.841548e-06 1296
1.093845e-05 1297
4.716830e-06 1298
3.442927e-06 1299
2.441541e-06 1300
3.701759e-06 1301
3.469420e-06 1302
4.334814e-06 1303
2.717449e-06 1304
4.680713e-06 1305
1.082884e-05 1306
6.230092e-06 1307
6.230092e-06 1308
8.024897e-06 1309
1.005231e-05 1310
4.116441e-06 1311
2.606670e-06 1312
1.944287e-06 1313
8.316566e-06 1314
2.782315e-06 1315
3.625290e-06 1316
5.540432e-06 1317
1.416085e-06 1318
3.882560e-06 1319
4.791390e-06 1320
4.541588e-06 1321
4.049957e-06 1322
4.091807e-06 1323
4.091807e-06 1324
7.088863e-06 1325
7.169398e-06 1326
5.181144e-06 1327
7.583388e-06 1328
3.985635e-06 1329
2.333634e-06 1330
4.785143e-06 1331
2.772970e-06 1332
4.190544e-06 1333
1.787870e-05 1334
2.204365e-05 1335
7.424040e-06 1336
2.765912e-06 1337
2.258309e-06 1338
1.358004e-06 1339
2.483005e-06 1340
2.990866e-06 1341
6.032514e-06 1342
7.312495e-06 1343
6.223409e-06 1344
3.943416e-06 1345
7.930450e-04 1346
7.058391e-06 1347
3.528729e-05 1348
4.591910e-06 1349
7.280730e-06 1350
5.038737e-06 1351
8.389947e-06 1352
5.737580e-06 1353
5.451519e-06 1354
6.180932e-06 1355
5.833643e-06 1356
5.916158e-06 1357
2.126829e-06 1358
6.051345e-06 1359
3.706956e-06 1360
3.706956e-06 1361
5.824375e-06 1362
2.464459e-02 1363
3.382959e-06 1364
4.106629e-06 1365
8.019493e-06 1366
2.513261e-06 1367
1.942339e-06 1368
9.998745e-06 1369
7.337486e-06 1370
3.886470e-06 1371
3.998891e-06 1372
2.432386e-06 1373
2.432386e-06 1374
4.946065e-06 1375
3.680254e-06 1376
6.013495e-06 1377
5.445465e-06 1378
5.940355e-06 1379
5.244820e-06 1380
1.417172e-06 1381
1.796768e-05 1382
4.248371e-06 1383
1.104936e-05 1384
4.229032e-06 1385
9.725353e-03 1386
3.366959e-06 1387
2.625003e-06 1388
1.134564e-05 1389
6.060400e-06 1390
5.460186e-06 1391
5.087116e-06 1392
5.087116e-06 1393
5.426297e-06 1394
2.050989e-05 1395
4.391131e-06 1396
1.294019e-05 1397
1.394653e-06 1398
1.364014e-06 1399
1.509521e-05 1400
7.260738e-06 1401
3.961721e-06 1402
8.430376e-06 1403
2.951422e-06 1404
2.616013e-06 1405
8.631988e-06 1406
8.190866e-06 1407
5.178270e-06 1408
4.825468e-03 1409
1.779109e-05 1410
5.440053e-03 1411
7.137218e-06 1412
4.668659e-05 1413
1.085472e-05 1414
7.850677e-06 1415
7.850677e-06 1416
4.598718e-06 1417
6.883636e-05 1418
7.169939e-06 1419
4.135526e-06 1420
4.708949e-06 1421
6.062870e-06 1422
1.967422e-05 1423
4.534651e-06 1424
4.106715e-06 1425
2.536881e-06 1426
2.531005e-06 1427
2.056615e-06 1428
2.056615e-06 1429
1.878238e-06 1430
6.898741e-06 1431
4.519757e-06 1432
5.356890e-06 1433
4.497971e-06 1434
3.029139e-06 1435
1.836352e-06 1436
5.916308e-06 1437
3.304990e-06 1438
3.777329e-06 1439
7.521024e-06 1440
1.645951e-06 1441
1.645951e-06 1442
1.953250e-06 1443
5.385281e-06 1444
3.877023e-06 1445
2.150693e-06 1446
2.732361e-06 1447
1.321270e-05 1448
4.202252e-06 1449
4.315732e-06 1450
4.136548e-06 1451
7.644486e-06 1452
7.561397e-06 1453
1.054079e-05 1454
8.079755e-06 1455
9.583984e-06 1456
3.518033e-06 1457
6.602844e-06 1458
6.566410e-06 1459
4.330022e-06 1460
1.416106e-05 1461
2.812226e-06 1462
3.078938e-06 1463
9.133827e-06 1464
6.019856e-06 1465
8.343448e-06 1466
8.343448e-06 1467
8.343448e-06 1468
5.915807e-06 1469
9.787391e-06 1470
9.294882e-06 1471
4.941041e-06 1472
1.462069e-05 1473
5.005945e-06 1474
9.099929e-06 1475
2.829601e-06 1476
5.810609e-06 1477
1.741095e-05 1478
2.286097e-06 1479
2.286097e-06 1480
1.669877e-06 1481
1.699874e-06 1482
9.722988e-05 1483
5.024189e-06 1484
2.966482e-06 1485
6.343401e-06 1486
1.705576e-06 1487
3.818940e-06 1488
4.161259e-06 1489
5.376579e-05 1490
5.376579e-05 1491
5.376579e-05 1492
6.129271e-05 1493
3.709744e-05 1494
2.187389e-05 1495
4.574718e-06 1496
3.305028e-06 1497
6.538322e-06 1498
5.939332e-06 1499
7.962082e-06 1500
8.615154e-06 1501
3.961737e-06 1502
7.753121e-06 1503
7.450196e-06 1504
1.003190e-05 1505
1.403977e-05 1506
8.089486e-06 1507
3.876266e-06 1508
6.074807e-06 1509
1.400886e-05 1510
7.487744e-06 1511
7.244912e-06 1512
7.055450e-06 1513
7.055450e-06 1514
5.669346e-06 1515
1.005671e-05 1516
1.594249e-05 1517
7.225442e-06 1518
9.802609e-06 1519
8.879689e-06 1520
2.174177e-06 1521
2.149831e-04 1522
5.955959e-06 1523
2.047542e-05 1524
3.964450e-06 1525
3.964450e-06 1526
1.257638e-05 1527
9.914978e-06 1528
1.123564e-05 1529
5.939301e-06 1530
6.225518e-06 1531
1.449345e-03 1532
4.357187e-06 1533
6.690392e-06 1534
2.696573e-06 1535
4.543786e-06 1536
5.322462e-06 1537
2.866819e-05 1538
6.082990e-06 1539
6.082990e-06 1540
6.323493e-06 1541
1.722094e-05 1542
3.142353e-06 1543
7.763714e-06 1544
4.745191e-06 1545
4.289525e-04 1546
3.042703e-06 1547
1.448282e-03 1548
4.294357e-06 1549
1.111999e-05 1550
4.622967e-06 1551
4.127062e-06 1552
8.441520e-05 1553
8.827389e-06 1554
8.827389e-06 1555
6.809915e-06 1556
6.809915e-06 1557
4.197252e-06 1558
8.238551e-06 1559
7.946798e-05 1560
8.878981e-06 1561
8.680706e-06 1562
7.274101e-06 1563
3.724896e-06 1564
3.724896e-06 1565
1.304052e-05 1566
8.306408e-06 1567
4.239827e-06 1568
1.023564e-05 1569
8.420625e-06 1570
7.864818e-06 1571
9.402914e-06 1572
1.148047e-05 1573
8.978283e-06 1574
1.215327e-05 1575
2.375590e-06 1576
2.375590e-06 1577
3.721211e-06 1578
4.951236e-06 1579
5.078947e-06 1580
5.016572e-06 1581
4.971837e-06 1582
2.393294e-05 1583
2.393294e-05 1584
1.318661e-05 1585
3.447358e-06 1586
1.774054e-05 1587
6.954355e-06 1588
9.984281e-06 1589
3.796901e-06 1590
5.407840e-06 1591
8.045536e-06 1592
4.699151e-06 1593
5.501016e-06 1594
4.512949e-06 1595
3.996766e-06 1596
2.317838e-02 1597
4.534397e-06 1598
2.330295e-06 1599
1.189583e-05 1600
7.138631e-06 1601
4.535551e-06 1602
7.448196e-06 1603
8.402630e-06 1604
2.470011e-06 1605
4.842943e-06 1606
4.168906e-06 1607
9.199334e-06 1608
6.127994e-06 1609
7.775414e-05 1610
1.463404e-05 1611
1.463404e-05 1612
5.138325e-06 1613
6.041821e-06 1614
6.041821e-06 1615
7.383125e-06 1616
7.383125e-06 1617
1.070282e-05 1618
5.769363e-06 1619
7.636873e-06 1620
5.014991e-06 1621
3.664726e-06 1622
6.611987e-04 1623
2.641103e-06 1624
7.268837e-06 1625
1.183181e-05 1626
6.268109e-06 1627
2.690866e-04 1628
1.875010e-04 1629
1.369873e-05 1630
1.775652e-06 1631
7.468981e-06 1632
9.560302e-06 1633
2.418584e-06 1634
4.698378e-05 1635
1.378169e-05 1636
3.110721e-06 1637
3.110721e-06 1638
2.008745e-04 1639
2.296667e-05 1640
7.937333e-06 1641
1.472984e-05 1642
5.355563e-06 1643
6.243586e-06 1644
4.947046e-06 1645
8.252338e-06 1646
9.123795e-06 1647
5.202379e-06 1648
5.242760e-06 1649
6.410079e-06 1650
5.022284e-06 1651
2.934836e-06 1652
2.331878e-06 1653
5.095518e-06 1654
4.519755e-06 1655
5.414250e-06 1656
7.117765e-06 1657
4.389907e-06 1658
3.209620e-06 1659
4.900056e-06 1660
1.212649e-05 1661
3.305803e-06 1662
3.305803e-06 1663
4.178066e-06 1664
1.318920e-05 1665
1.392237e-05 1666
1.041747e-03 1667
3.089228e-06 1668
4.193120e-06 1669
5.915313e-06 1670
4.267405e-06 1671
4.041640e-06 1672
6.652348e-06 1673
3.799512e-06 1674
3.799512e-06 1675
1.034788e-05 1676
8.088088e-06 1677
7.225223e-06 1678
1.027760e-05 1679
1.136380e-05 1680
4.808030e-06 1681
4.808030e-06 1682
5.805812e-06 1683
3.583251e-06 1684
8.266603e-06 1685
1.721385e-05 1686
6.775640e-06 1687
1.107650e-05 1688
7.321652e-06 1689
5.887632e-06 1690
7.099740e-06 1691
7.670578e-06 1692
1.049699e-05 1693
1.872113e-06 1694
6.540496e-06 1695
1.017325e-05 1696
7.830453e-06 1697
1.212308e-05 1698
7.233431e-06 1699
5.789934e-06 1700
2.014894e-05 1701
1.473437e-06 1702
1.904125e-03 1703
1.077053e-05 1704
1.353325e-05 1705
1.353325e-05 1706
3.482852e-06 1707
6.871451e-06 1708
8.673739e-06 1709
9.088172e-06 1710
8.218326e-06 1711
1.045557e-05 1712
5.426017e-06 1713
3.722342e-06 1714
1.353950e-05 1715
7.647632e-06 1716
4.204081e-06 1717
1.231740e-05 1718
5.884367e-03 1719
1.599928e-05 1720
4.641755e-06 1721
4.426339e-06 1722
4.250056e-06 1723
1.030817e-05 1724
6.012296e-06 1725
5.573464e-06 1726
1.852823e-04 1727
2.982135e-06 1728
6.679714e-06 1729
6.920393e-06 1730
1.465183e-05 1731
5.438263e-06 1732
5.438263e-06 1733
2.417619e-05 1734
7.383599e-06 1735
5.359646e-06 1736
8.717380e-06 1737
8.717380e-06 1738
8.717380e-06 1739
5.582514e-06 1740
5.731646e-06 1741
6.485925e-06 1742
4.997771e-06 1743
2.384621e-06 1744
4.394361e-06 1745
4.636655e-06 1746
3.219334e-06 1747
5.420280e-06 1748
4.712306e-06 1749
6.749902e-06 1750
6.122639e-06 1751
6.224649e-06 1752
1.956649e-05 1753
5.921540e-06 1754
6.571470e-06 1755
8.850011e-06 1756
7.448257e-06 1757
4.865368e-06 1758
8.109418e-06 1759
4.149380e-04 1760
3.900063e-06 1761
3.567896e-06 1762
9.353702e-06 1763
2.696403e-05 1764
1.258622e-05 1765
9.044056e-06 1766
1.887121e-05 1767
8.912184e-06 1768
5.594636e-06 1769
7.580692e-06 1770
5.543224e-06 1771
1.366293e-03 1772
6.347737e-06 1773
3.859968e-06 1774
6.869886e-06 1775
5.091203e-06 1776
6.325068e-04 1777
3.741371e-06 1778
9.518293e-06 1779
1.425629e-05 1780
6.930580e-06 1781
1.004488e-05 1782
1.099361e-05 1783
8.805963e-06 1784
6.432466e-06 1785
5.176254e-06 1786
1.057990e-05 1787
8.298176e-06 1788
3.277481e-04 1789
5.536169e-06 1790
1.142141e-05 1791
8.853804e-06 1792
3.347266e-03 1793
1.335793e-05 1794
1.335793e-05 1795
7.358462e-06 1796
7.358462e-06 1797
2.681020e-06 1798
4.905938e-04 1799
1.100030e-05 1800
2.163258e-06 1801
2.163258e-06 1802
1.306663e-05 1803
6.041706e-06 1804
1.314429e-05 1805
1.314429e-05 1806
7.576829e-06 1807
6.218787e-06 1808
1.337388e-04 1809
1.038591e-04 1810
3.637480e-06 1811
1.577470e-05 1812
1.242698e-04 1813
1.345241e-05 1814
3.238328e-05 1815
2.439487e-05 1816
3.557072e-06 1817
4.508965e-06 1818
5.970795e-03 1819
3.411722e-06 1820
4.677174e-06 1821
9.827984e-06 1822
9.827984e-06 1823
1.259899e-06 1824
2.988599e-05 1825
2.988599e-05 1826
1.377847e-05 1827
9.449905e-06 1828
9.084804e-06 1829
2.633455e-06 1830
2.257925e-05 1831
1.466052e-05 1832
3.265869e-06 1833
3.265869e-06 1834
1.151578e-04 1835
1.194664e-05 1836
1.031835e-05 1837
2.462395e-06 1838
2.462395e-06 1839
3.523783e-04 1840
6.918050e-06 1841
1.944788e-05 1842
1.204673e-06 1843
4.952927e-06 1844
5.777744e-05 1845
6.677853e-06 1846
9.955770e-06 1847
1.866823e-04 1848
1.853590e-06 1849
2.778887e-05 1850
6.915279e-04 1851
6.915279e-04 1852
4.619500e-03 1853
7.269887e-06 1854
5.101044e-06 1855
6.549019e-06 1856
1.089854e-05 1857
7.837867e-06 1858
7.837867e-06 1859
1.077227e-05 1860
1.051518e-05 1861
2.871508e-05 1862
2.134025e-05 1863
9.242425e-06 1864
6.536600e-03 1865
1.061260e-05 1866
5.434216e-06 1867
2.417083e-05 1868
7.838382e-06 1869
1.303068e-04 1870
1.248114e-05 1871
8.349532e-06 1872
3.278545e-05 1873
8.392944e-06 1874
6.352363e-06 1875
2.206781e-05 1876
8.416952e-06 1877
5.871323e-06 1878
7.899508e-06 1879
1.192704e-05 1880
1.296068e-05 1881
5.048112e-06 1882
1.483935e-05 1883
9.050443e-06 1884
1.066237e-05 1885
1.724049e-06 1886
1.663354e-05 1887
4.208369e-05 1888
2.691563e-05 1889
2.669792e-03 1890
1.533230e-06 1891
6.994673e-06 1892
3.498997e-06 1893
7.462627e-06 1894
7.462627e-06 1895
2.136572e-05 1896
2.818432e-05 1897
9.395469e-04 1898
3.424245e-04 1899
2.409855e-05 1900
2.409855e-05 1901
2.035375e-05 1902
2.936320e-05 1903
6.115192e-06 1904
6.796808e-06 1905
5.255843e-06 1906
9.186694e-06 1907
1.767515e-05 1908
1.248656e-05 1909
1.248656e-05 1910
1.248656e-05 1911
2.092261e-05 1912
9.246042e-06 1913
4.412249e-03 1914
2.709258e-03 1915
3.938778e-06 1916
3.938778e-06 1917
9.169771e-06 1918
1.486244e-06 1919
9.258472e-06 1920
8.828015e-06 1921
1.000133e-05 1922
9.018466e-06 1923
1.559096e-06 1924
1.559096e-06 1925
1.185859e-05 1926
1.393367e-05 1927
1.029861e-05 1928
1.937308e-05 1929
1.332682e-05 1930
6.888339e-06 1931
2.238823e-06 1932
1.014944e-05 1933
4.109748e-06 1934
3.451505e-06 1935
6.982818e-06 1936
1.337580e-05 1937
3.872802e-05 1938
3.924722e-06 1939
2.708786e-06 1940
1.888253e-05 1941
3.830539e-06 1942
2.195552e-05 1943
6.228044e-06 1944
1.157910e-05 1945
4.633680e-05 1946
9.752801e-06 1947
5.524100e-05 1948
7.632496e-06 1949
9.431468e-04 1950
4.276572e-03 1951
1.501964e-05 1952
8.861988e-06 1953
8.315682e-06 1954
6.318922e-06 1955
2.750201e-06 1956
2.750201e-06 1957
9.102907e-06 1958
1.584529e-05 1959
1.363862e-05 1960
9.688983e-06 1961
4.033040e-06 1962
4.326132e-06 1963
2.004557e-05 1964
1.489259e-05 1965
1.349914e-05 1966
9.467962e-06 1967
6.054872e-06 1968
2.326798e-06 1969
1.357690e-05 1970
8.596175e-06 1971
1.536989e-06 1972
8.881275e-06 1973
1.065267e-05 1974
1.145449e-05 1975
5.152440e-06 1976
3.686800e-05 1977
1.365230e-05 1978
1.863974e-05 1979
1.573317e-05 1980
7.254357e-06 1981
2.242678e-05 1982
7.662621e-06 1983
1.412178e-05 1984
1.646035e-05 1985
1.613104e-05 1986
1.932467e-05 1987
7.140337e-06 1988
2.642025e-03 1989
1.847855e-05 1990
3.910082e-04 1991
3.375455e-03 1992
2.818033e-05 1993
2.818033e-05 1994
1.550989e-06 1995
1.281353e-03 1996
1.513078e-05 1997
3.056608e-05 1998
8.576417e-03 1999
3.443834e-03 2000
